[-1.30038261  4.40665245 19.68215179]

F_M1:
    step = 0.0001
    okolo F = 1.5 vzroste na F = 9, cyklicke => nefunguje

F_M2:
    step = 0.00005
    nefunguje

F_M3:
    step = 0.00002
    i = 2058
    time = 5683.122077465057
    position = [-0.98436356  3.71579266 19.37762642]

F_M4:
    step = 0.00001
    i = 4107
    time = 11608.278566122055
    position = [-0.98446846  3.71592426 19.37762547]

F_M4:
    step_F = 0.0001
    step_M = 0.00001
    i = 379
    time = 1033.927001953125
    position = [-0.98420906  3.71482849 19.37752628]






[  1.97246742 -17.71248817  21.30819225]
F length =      185.70406024466223   M length =      1060.0832317338945

F_M6:
    step_F = 0.0001
    step_M = 0.00001
    alpha = 1.05
    beta = 1/1.05
    if (F_length_new > 1 * F_length) or (M_length_new > 1.3 * M_length):
    if (M_length_new > 1 * M_length) or (F_length_new > 1.3 * F_length):
    [1. 5. 1. 5. 1. 2. 1. 5. 1. 5. 1. 5. 1. 5. 1. 5. 1. 5. 1. 5. 1. 5. 1. 5.
    1. 1. 1. 1. 1. 1. 1. 1. 1. 1. 1. 1. 1. 1. 1. 1. 1. 1. 1. 1. 1. 1. 1. 1.
    1. 1. 1. 1. 1. 1. 1. 1. 1. 1. 1. 1. 1. 1. 1. 1. 1. 1. 1. 1. 1. 1. 1. 1.
    1. 1. 1. 1. 1. 1. 1. 1. 1. 1. 1. 1. 1. 1. 1. 1. 1. 1. 1. 1. 1. 1. 1. 1.
    1. 3. 1. 1. 1. 1. 1. 1. 1. 1. 1. 5. 1. 1. 1. 1. 1. 1. 1. 5. 1. 1. 1. 1.
    1. 1. 1. 1. 1. 1. 1. 1. 1. 1. 1. 1. 1. 1. 1. 1. 1. 1. 1. 4. 1. 5. 5. 5.
    5. 5. 5. 5.]
    i = 74
    k = 7
    time = 768.665105342865
    position = [  3.03662491 -18.35057545  21.31702328]
    F length =      19.70498411631949    M length =      275.3347561852511

F_M7:
    if (F_length_new > 1 * F_length) or (M_length_new > 1.2 * M_length):
    if (M_length_new > 1 * M_length) or (F_length_new > 1.2 * F_length):
    [1. 5. 1. 5. 1. 2. 1. 5. 1. 5. 1. 5. 1. 5. 1. 5. 1. 5. 1. 5. 1. 5. 1. 5.
     1. 5. 1. 5. 1. 4. 1. 1. 1. 1. 1. 1. 1. 1. 1. 1. 1. 1. 1. 1. 1. 1. 1. 1.
     1. 1. 1. 1. 1. 1. 1. 1. 1. 1. 1. 1. 1. 1. 1. 1. 1. 1. 1. 1. 1. 1. 1. 1.
     1. 1. 1. 1. 1. 1. 1. 1. 1. 1. 1. 1. 1. 1. 1. 1. 1. 1. 1. 1. 1. 1. 1. 1.
     1. 1. 1. 1. 1. 1. 1. 1. 1. 1. 1. 1. 1. 1. 1. 1. 1. 1. 1. 1. 1. 1. 1. 1.
     1. 1. 1. 1. 1. 1. 1. 1. 1. 1. 1. 1. 1. 1. 1. 1. 1. 5. 1. 1. 1. 5. 1. 4.
     1. 1. 1. 1. 1. 5. 1. 1. 5. 1. 1. 5. 1. 1. 5. 1. 4. 1. 1. 1. 1. 1. 1. 1.
     1. 1. 1. 1. 1. 1. 1. 1. 1. 1. 2. 1. 1. 5. 4. 5. 5. 5. 5. 5. 5. 1. 5. 5.
     5. 5. 5. 5.]
    i = 98
    k = 6
    time = 1194.7989366054535
    position = [  3.21839333 -19.0258007   21.42140007]
    F length =      13.780190651371536   M length =      288.5098306007236

F_M8:
    step_F = 0.0001
    step_M = 0.00001
    alpha = 1.1
    beta = 1/1.1
    if (F_length_new > 1 * F_length) or (M_length_new > 1.3 * M_length):
    if (M_length_new > 1 * M_length) or (F_length_new > 1.3 * F_length):
    [1. 5. 1. 2. 1. 5. 1. 1. 1. 4. 1. 1. 1. 4. 1. 1. 1. 4. 1. 1. 1. 4. 1. 5.
     1. 1. 1. 1. 1. 5. 1. 1. 1. 1. 1. 1. 1. 1. 1. 1. 1. 1. 1. 1. 1. 1. 1. 1.
     1. 1. 1. 1. 1. 1. 1. 2. 1. 1. 1. 1. 1. 1. 1. 1. 1. 2. 1. 2. 1. 1. 5. 4.
     1. 2. 1. 5. 1. 2. 1. 1. 1. 1. 1. 1. 1. 1. 1. 4. 1. 3. 1. 3. 1. 5. 1. 1.
     1. 1. 1. 1. 1. 3. 3. 5. 5. 5. 5. 5. 5. 5.]
    i = 55
    k = 6
    time = 634.7411665916443
    position = [  3.22418404 -18.81749964  21.37200451]
    F length =      16.29154379718838    M length =      251.71531602922764

F_M9:
    step_F = 0.0001
    step_M = 0.00001
    alpha = 1.15
    beta = 1/1.15
    if (F_length_new > 1 * F_length) or (M_length_new > 1.3 * M_length):
    if (M_length_new > 1 * M_length) or (F_length_new > 1.3 * F_length):
    [1. 5. 1. 4. 1. 1. 1. 4. 1. 1. 1. 4. 1. 1. 1. 4. 1. 1. 1. 3. 1. 5. 1. 1.
     1. 1. 1. 1. 1. 5. 1. 1. 1. 1. 1. 1. 1. 1. 1. 1. 1. 1. 1. 1. 1. 1. 1. 1.
     1. 1. 1. 2. 1. 1. 4. 1. 3. 5. 1. 5. 4. 1. 1. 1. 1. 1. 1. 1. 1. 1. 1. 1.
     2. 4. 3. 1. 3. 5. 1. 1. 1. 2. 5. 1. 1. 5. 4. 4. 5. 5. 5. 5. 5. 1. 5. 5.
     3. 5. 5. 2. 5. 5. 2. 5. 5. 5. 5. 5. 1. 5. 5. 5. 5. 5. 3. 1. 5. 5. 5. 5.
     5. 2. 5. 5. 5. 5. 5. 5.]
    i = 64
    k = 6
    time = 1411.9338409900665
    position = [  2.99883461 -18.79499722  21.43354607]
    F length =      14.040504216780738   M length =      360.2053252152063
